-2 -1 7
-2 -1 6
-2 -2 6
-1 -2 6
-1 -1 6
-1 0 6
0 0 6
0 -1 6
0 -2 6
0 -3 6
0 -3 5
1 -3 5
2 -3 5
3 -3 5
3 -4 5
3 -4 4
4 -4 4
5 -4 4
5 -4 5
5 -5 5
4 -5 5
3 -5 5
3 -6 5
2 -6 5
2 -6 4
3 -6 4
3 -7 4
4 -7 4
5 -7 4
6 -7 4
6 -6 4
7 -6 4
8 -6 4
9 -6 4
9 -5 4
10 -5 4
10 -5 3
10 -6 3
9 -6 3
8 -6 3
8 -7 3
8 -7 4
9 -7 4
9 -7 3
10 -7 3
11 -7 3
11 -8 3
11 -9 3
12 -9 3
12 -9 4
12 -10 4
12 -10 5
13 -10 5
13 -10 4
14 -10 4
15 -10 4
15 -10 5
16 -10 5
17 -10 5
17 -11 5
17 -11 6
17 -10 6
18 -10 6
18 -9 6
19 -9 6
19 -8 6
19 -7 6
18 -7 6
18 -8 6
18 -8 5
19 -8 5
19 -9 5
18 -9 5
18 -9 4
19 -9 4
